$ANSIBLE_VAULT;1.1;AES256
39653763376433666265343135363434383638323432633764333535396466323038353330303561
3839613761363765643931376639666534373266633266360a633431633161633263366534326139
62653937656535366332636134363362363730306465383032356561376133363539366163613630
3732396235626537370a613532653932396336663731613338373338333135313238623566636264
63653730633665303835626439346466616633353564643266626637306661616463623131643339
32303131306537313232616137663134366435393438633561613336363062326134316466643435
35323164386236356438333264323464646337393763663835396135366262313432313262373266
36653135306530646435636431633730663565333131383234363264666331613631303462613861
65613336653632376361656433626461643234613632313761656638626233613263643464653262
33356239376338663935323435303761623637636439613463323165346133336236386136303239
63633632396263623765386138323938633233333735303937653832353534343432346566646139
36383231616136663365396366353836636465626365336231306135613734366239366236666236
61626264643134333231353238383461643963653431306136323432323837623239643765393035
3236663839666138386234326538343730373337653762663961
